Max elem on 0 step: a[1][2] = 4.0
Step 0:
Phi = 0.3143981432077165
U matrix:
[[ 1.          0.          0.        ]
 [ 0.          0.95098267 -0.30924417]
 [ 0.          0.30924417  0.95098267]]
Iter matrix:
[[ 8.00000000e+00 -6.18488344e-01 -1.90196534e+00]
 [-6.18488344e-01  6.30073525e+00  0.00000000e+00]
 [-1.90196534e+00 -4.44089210e-16 -7.30073525e+00]]
t(A1) = 2.0
Max elem on 1 step: a[0][2] = 1.9019653436922497
Step 1:
Phi = -0.12183545871785867
U matrix:
[[ 0.99258724  0.          0.12153426]
 [ 0.          1.          0.        ]
 [-0.12153426  0.          0.99258724]]
Iter matrix:
[[ 8.23288024e+00 -6.13903636e-01 -2.22044605e-16]
 [-6.13903636e-01  6.30073525e+00 -7.51675256e-02]
 [-2.22044605e-16 -7.51675256e-02 -7.53361550e+00]]
t(A2) = 0.6184883437815324
Max elem on 2 step: a[0][1] = 0.6139036361609606
Step 2:
Phi = -0.2830440718380052
U matrix:
[[ 0.96020974  0.27927989  0.        ]
 [-0.27927989  0.96020974  0.        ]
 [ 0.          0.          1.        ]]
Iter matrix:
[[ 8.41143596e+00  0.00000000e+00  2.09927779e-02]
 [-2.22044605e-16  6.12217954e+00 -7.21765902e-02]
 [ 2.09927779e-02 -7.21765902e-02 -7.53361550e+00]]
t(A3) = 0.07516752558102405
Max elem on 3 step: a[1][2] = 0.07217659022595128
Step 3:
Phi = -0.005285221534812091
U matrix:
[[ 1.          0.          0.        ]
 [ 0.          0.99998603  0.0052852 ]
 [ 0.         -0.0052852   0.99998603]]
Iter matrix:
[[ 8.41143596e+00 -1.10950965e-04  2.09924847e-02]
 [-1.10950965e-04  6.12256101e+00  1.38777878e-17]
 [ 2.09924847e-02 -4.16333634e-16 -7.53399697e+00]]
t(A4) = 0.020992777932637183
Max elem on 4 step: a[0][2] = 0.02099248473173869
Step 4:
Phi = 0.0013165171689053315
U matrix:
[[ 0.99999913  0.         -0.00131652]
 [ 0.          1.          0.        ]
 [ 0.00131652  0.          0.99999913]]
Iter matrix:
[[ 8.41146360e+00 -1.10950869e-04  1.73472348e-18]
 [-1.10950869e-04  6.12256101e+00  1.46068809e-07]
 [ 1.23165367e-16  1.46068808e-07 -7.53402461e+00]]
t(A5) = 0.00011095096546072077
General EPS = 0.001
Matrix info:
Shape = 3
Matrix:
[[ 8.  0. -2.]
 [ 0.  5.  4.]
 [-2.  4. -6.]]
