EPS = 0.001
Iter: x = [0.42492317 0.97717173]
Steps = 9
Newton: x = [0.42442062 0.97684694]
Steps = 7
