EPS = 0.001
Iter: x = [5.13185673 1.51170654]
Steps = 5
Newton: x = [5.13184726 1.51172092]
Steps = 3
