q = 0.33333333333333337
lambda = -0.6666666666666666
phi' < 1
q < 1
Iter:
x0 = 0.5
x1 = 0.4369767387387763
x2 = 0.4293687001461016
x3 = 0.42836568552905946
Newton's:
x3 = 0.5
x1 = 0.4290988310811233
x2 = 0.42821161923307766
