EPS = 0.001
Iter: x = 0.42836568552905946
Steps = 3
Newton: x = 0.42821161923307766
Steps = 2
