=============
For i = 0
H:
[[-0.08276059  0.7448453   0.66208471]
 [ 0.7448453   0.48761109 -0.45545681]
 [ 0.66208471 -0.45545681  0.5951495 ]]
Q:
[[-0.08276059  0.7448453   0.66208471]
 [ 0.7448453   0.48761109 -0.45545681]
 [ 0.66208471 -0.45545681  0.5951495 ]]
R:
[[-0.08276059  0.7448453   0.66208471]
 [ 0.7448453   0.48761109 -0.45545681]
 [ 0.66208471 -0.45545681  0.5951495 ]]
=============
For i = 1
H:
[[ 1.          0.          0.        ]
 [ 0.         -0.89174986  0.45252866]
 [ 0.          0.45252866  0.89174986]]
Q:
[[ 1.          0.          0.        ]
 [ 0.         -0.89174986  0.45252866]
 [ 0.          0.45252866  0.89174986]]
R:
[[ 1.          0.          0.        ]
 [ 0.         -0.89174986  0.45252866]
 [ 0.          0.45252866  0.89174986]]
=============
0 th:
Q:
[[-0.08276059 -0.36460339  0.92747779]
 [ 0.7448453  -0.64093438 -0.18549556]
 [ 0.66208471  0.67547575  0.32461723]]
R:
[[ 1.20830460e+01 -5.79324122e-01 -1.73797237e+00]
 [-3.96016491e-16 -5.35391292e+00 -9.89802252e+00]
 [ 2.00963093e-16  4.44089210e-16  5.65761453e+00]]
New A = R * Q:
[[ -2.58219178  -5.20816895  10.75004308]
 [-10.54116626  -3.25436736  -2.21994156]
 [  3.74582008   3.82158143   1.83655914]]
Is eig:
(False, True)
Type eig:
(None, <TypeOfEig.img: 1>)
=============
For i = 0
H:
[[-0.22490855 -0.91813413  0.32626041]
 [-0.91813413  0.31180961  0.24454954]
 [ 0.32626041  0.24454954  0.91309893]]
Q:
[[-0.22490855 -0.91813413  0.32626041]
 [-0.91813413  0.31180961  0.24454954]
 [ 0.32626041  0.24454954  0.91309893]]
R:
[[-0.22490855 -0.91813413  0.32626041]
 [-0.91813413  0.31180961  0.24454954]
 [ 0.32626041  0.24454954  0.91309893]]
=============
For i = 1
H:
[[ 1.          0.          0.        ]
 [ 0.         -0.97835666 -0.20692571]
 [ 0.         -0.20692571  0.97835666]]
Q:
[[ 1.          0.          0.        ]
 [ 0.         -0.97835666 -0.20692571]
 [ 0.         -0.20692571  0.97835666]]
R:
[[ 1.          0.          0.        ]
 [ 0.         -0.97835666 -0.20692571]
 [ 0.         -0.20692571  0.97835666]]
=============
1 th:
Q:
[[-0.22490855  0.83075097  0.50918461]
 [-0.91813413 -0.3556646   0.17473524]
 [ 0.32626041 -0.42820032  0.84273283]]
R:
[[ 1.14810744e+01  5.40613822e+00  2.19624070e-01]
 [-3.25858226e-16 -4.80563054e+00  8.93374816e+00]
 [-6.89201073e-17 -2.22044605e-16  6.63358313e+00]]
New A = R * Q:
[[-7.47409717  7.52109861  6.97571365]
 [ 7.32694181 -2.11624114  6.68904988]
 [ 2.16427558 -2.84050241  5.59033831]]
Is eig:
(False, True)
Type eig:
(None, <TypeOfEig.img: 1>)
=============
For i = 0
H:
[[-0.69930735  0.68553889  0.20249855]
 [ 0.68553889  0.72343816 -0.08169248]
 [ 0.20249855 -0.08169248  0.97586919]]
Q:
[[-0.69930735  0.68553889  0.20249855]
 [ 0.68553889  0.72343816 -0.08169248]
 [ 0.20249855 -0.08169248  0.97586919]]
R:
[[-0.69930735  0.68553889  0.20249855]
 [ 0.68553889  0.72343816 -0.08169248]
 [ 0.20249855 -0.08169248  0.97586919]]
=============
For i = 1
H:
[[ 1.          0.          0.        ]
 [ 0.         -0.96321758  0.2687227 ]
 [ 0.          0.2687227   0.96321758]]
Q:
[[ 1.          0.          0.        ]
 [ 0.         -0.96321758  0.2687227 ]
 [ 0.          0.2687227   0.96321758]]
R:
[[ 1.          0.          0.        ]
 [ 0.         -0.96321758  0.2687227 ]
 [ 0.          0.2687227   0.96321758]]
=============
2 th:
Q:
[[-0.69930735 -0.60590715  0.37927002]
 [ 0.68553889 -0.71878098  0.11571662]
 [ 0.20249855  0.34092584  0.91802174]]
R:
[[ 1.06878573e+01 -7.28552275e+00  8.39471376e-01]
 [-1.76448746e-15 -4.00437423e+00 -7.12870585e+00]
 [ 4.92264515e-16  0.00000000e+00  8.55176545e+00]]
New A = R * Q:
[[-12.2986146   -0.95295654   3.98118076]
 [ -4.18870684   0.44790802  -7.00767961]
 [  1.73172009   2.91551779   7.85070658]]
Is eig:
(False, True)
Type eig:
(None, <TypeOfEig.img: 1>)
=============
For i = 0
H:
[[-0.93830615 -0.31957172  0.13211924]
 [-0.31957172  0.94731169  0.02178272]
 [ 0.13211924  0.02178272  0.99099446]]
Q:
[[-0.93830615 -0.31957172  0.13211924]
 [-0.31957172  0.94731169  0.02178272]
 [ 0.13211924  0.02178272  0.99099446]]
R:
[[-0.93830615 -0.31957172  0.13211924]
 [-0.31957172  0.94731169  0.02178272]
 [ 0.13211924  0.02178272  0.99099446]]
=============
For i = 1
H:
[[ 1.          0.          0.        ]
 [ 0.         -0.27473262 -0.96152066]
 [ 0.         -0.96152066  0.27473262]]
Q:
[[ 1.          0.          0.        ]
 [ 0.         -0.27473262 -0.96152066]
 [ 0.         -0.96152066  0.27473262]]
R:
[[ 1.          0.          0.        ]
 [ 0.         -0.27473262 -0.96152066]
 [ 0.         -0.96152066  0.27473262]]
=============
3 th:
Q:
[[-0.93830615 -0.0392386   0.34357227]
 [-0.31957172 -0.28120195 -0.90487534]
 [ 0.13211924 -0.95884607  0.25131397]]
R:
[[ 1.31072515e+01  1.13622223e+00 -4.58880798e-01]
 [ 1.91600225e-18 -2.88409272e+00 -5.71326195e+00]
 [ 8.14926452e-16 -3.33066907e-16  9.68189206e+00]]
New A = R * Q:
[[-12.72234608  -0.39382209   3.35982555]
 [  0.16684264   6.2891513    1.1739218 ]
 [  1.27916421  -9.28344419   2.43319478]]
Is eig:
(False, True)
Type eig:
(None, <TypeOfEig.img: 1>)
=============
For i = 0
H:
[[-9.94898696e-01  1.30472416e-02  1.00031771e-01]
 [ 1.30472416e-02  9.99914667e-01 -6.54238075e-04]
 [ 1.00031771e-01 -6.54238075e-04  9.94984028e-01]]
Q:
[[-9.94898696e-01  1.30472416e-02  1.00031771e-01]
 [ 1.30472416e-02  9.99914667e-01 -6.54238075e-04]
 [ 1.00031771e-01 -6.54238075e-04  9.94984028e-01]]
R:
[[-9.94898696e-01  1.30472416e-02  1.00031771e-01]
 [ 1.30472416e-02  9.99914667e-01 -6.54238075e-04]
 [ 1.00031771e-01 -6.54238075e-04  9.94984028e-01]]
=============
For i = 1
H:
[[ 1.          0.          0.        ]
 [ 0.         -0.5610215   0.82780123]
 [ 0.          0.82780123  0.5610215 ]]
Q:
[[ 1.          0.          0.        ]
 [ 0.         -0.5610215   0.82780123]
 [ 0.          0.82780123  0.5610215 ]]
R:
[[ 1.          0.          0.        ]
 [ 0.         -0.5610215   0.82780123]
 [ 0.          0.82780123  0.5610215 ]]
=============
4 th:
Q:
[[-0.9948987   0.07548664  0.0669205 ]
 [ 0.01304724 -0.5615152   0.82736355]
 [ 0.10003177  0.82401605  0.55766585]]
R:
[[ 1.27875794e+01 -4.54770194e-01 -3.08397283e+00]
 [-1.79368494e-16 -1.12108893e+01  1.59943854e+00]
 [-1.31123575e-16 -1.77635684e-15  2.55301094e+00]]
New A = R * Q:
[[-13.03677483  -1.32059132  -1.24033545]
 [  0.01372349   7.61304782  -8.38352898]
 [  0.2553822    2.10372198   1.42372701]]
Is eig:
(False, True)
Type eig:
(None, <TypeOfEig.img: 1>)
=============
For i = 0
H:
[[-9.99807630e-01  1.05247252e-03  1.95856015e-02]
 [ 1.05247252e-03  9.99999446e-01 -1.03076451e-05]
 [ 1.95856015e-02 -1.03076451e-05  9.99808184e-01]]
Q:
[[-9.99807630e-01  1.05247252e-03  1.95856015e-02]
 [ 1.05247252e-03  9.99999446e-01 -1.03076451e-05]
 [ 1.95856015e-02 -1.03076451e-05  9.99808184e-01]]
R:
[[-9.99807630e-01  1.05247252e-03  1.95856015e-02]
 [ 1.05247252e-03  9.99999446e-01 -1.03076451e-05]
 [ 1.95856015e-02 -1.03076451e-05  9.99808184e-01]]
=============
For i = 1
H:
[[ 1.          0.          0.        ]
 [ 0.         -0.96471633 -0.26329149]
 [ 0.         -0.26329149  0.96471633]]
Q:
[[ 1.          0.          0.        ]
 [ 0.         -0.96471633 -0.26329149]
 [ 0.         -0.26329149  0.96471633]]
R:
[[ 1.          0.          0.        ]
 [ 0.         -0.96471633 -0.26329149]
 [ 0.         -0.26329149  0.96471633]]
=============
5 th:
Q:
[[-0.99980763 -0.00617206  0.01861744]
 [ 0.00105247 -0.96471308 -0.26330129]
 [ 0.0195856  -0.26323105  0.96453399]]
R:
[[ 1.30392832e+01  1.36955246e+00  1.25915796e+00]
 [ 1.36113409e-17 -7.89002096e+00  7.72058631e+00]
 [-5.38266012e-17  0.00000000e+00  3.55753524e+00]]
New A = R * Q:
[[-13.01067205  -1.73315387   1.09665383]
 [  0.1429083    5.57930839   9.52422065]
 [  0.06967647  -0.93645372   3.43136366]]
Is eig:
(False, True)
Type eig:
(None, <TypeOfEig.img: 1>)
=============
For i = 0
H:
[[-9.99925345e-01  1.09831089e-02  5.35493212e-03]
 [ 1.09831089e-02  9.99939683e-01 -2.94079990e-05]
 [ 5.35493212e-03 -2.94079990e-05  9.99985662e-01]]
Q:
[[-9.99925345e-01  1.09831089e-02  5.35493212e-03]
 [ 1.09831089e-02  9.99939683e-01 -2.94079990e-05]
 [ 5.35493212e-03 -2.94079990e-05  9.99985662e-01]]
R:
[[-9.99925345e-01  1.09831089e-02  5.35493212e-03]
 [ 1.09831089e-02  9.99939683e-01 -2.94079990e-05]
 [ 5.35493212e-03 -2.94079990e-05  9.99985662e-01]]
=============
For i = 1
H:
[[ 1.          0.          0.        ]
 [ 0.         -0.98583558  0.16771464]
 [ 0.          0.16771464  0.98583558]]
Q:
[[ 1.          0.          0.        ]
 [ 0.         -0.98583558  0.16771464]
 [ 0.          0.16771464  0.98583558]]
R:
[[ 1.          0.          0.        ]
 [ 0.         -0.98583558  0.16771464]
 [ 0.          0.16771464  0.98583558]]
=============
6 th:
Q:
[[-0.99992535 -0.00992944  0.00712111]
 [ 0.01098311 -0.98578105  0.16767554]
 [ 0.00535493  0.16774123  0.98581652]]
R:
[[ 1.30116434e+01  1.78928799e+00 -9.73591686e-01]
 [-1.88499724e-17 -5.63984916e+00 -8.82410426e+00]
 [ 3.13612052e-17  0.00000000e+00  4.98748317e+00]]
New A = R * Q:
[[-12.99623362  -2.05635599  -0.56710559]
 [ -0.10919556   4.07949034  -9.64461245]
 [  0.02670763   0.83660656   4.91674328]]
Is eig:
(False, True)
Type eig:
(None, <TypeOfEig.img: 1>)
=============
For i = 0
H:
[[-9.99962593e-01 -8.40177818e-03  2.05495189e-03]
 [-8.40177818e-03  9.99964704e-01  8.63278642e-06]
 [ 2.05495189e-03  8.63278642e-06  9.99997889e-01]]
Q:
[[-9.99962593e-01 -8.40177818e-03  2.05495189e-03]
 [-8.40177818e-03  9.99964704e-01  8.63278642e-06]
 [ 2.05495189e-03  8.63278642e-06  9.99997889e-01]]
R:
[[-9.99962593e-01 -8.40177818e-03  2.05495189e-03]
 [-8.40177818e-03  9.99964704e-01  8.63278642e-06]
 [ 2.05495189e-03  8.63278642e-06  9.99997889e-01]]
=============
For i = 1
H:
[[ 1.          0.          0.        ]
 [ 0.         -0.97997396 -0.19912568]
 [ 0.         -0.19912568  0.97997396]]
Q:
[[ 1.          0.          0.        ]
 [ 0.         -0.97997396 -0.19912568]
 [ 0.         -0.19912568  0.97997396]]
R:
[[ 1.          0.          0.        ]
 [ 0.         -0.97997396 -0.19912568]
 [ 0.         -0.19912568  0.97997396]]
=============
7 th:
Q:
[[-0.99996259  0.00782433  0.00368681]
 [-0.00840178 -0.97994109 -0.19911019]
 [ 0.00205495 -0.19913372  0.97997017]]
R:
[[ 1.29967198e+01  2.02372328e+00  6.58219938e-01]
 [ 1.67841676e-17 -4.18034640e+00  8.46762548e+00]
 [ 1.04911488e-17  2.22044605e-16  6.73651156e+00]]
New A = R * Q:
[[-13.01188389  -2.01251275   0.29000841]
 [  0.05252291   2.41030349   9.13036996]
 [  0.01384321  -1.34146657   6.6015804 ]]
Is eig:
(False, True)
Type eig:
(None, <TypeOfEig.img: 1>)
=============
For i = 0
H:
[[-9.99991287e-01  4.03649840e-03  1.06388027e-03]
 [ 4.03649840e-03  9.99991853e-01 -2.14718485e-06]
 [ 1.06388027e-03 -2.14718485e-06  9.99999434e-01]]
Q:
[[-9.99991287e-01  4.03649840e-03  1.06388027e-03]
 [ 4.03649840e-03  9.99991853e-01 -2.14718485e-06]
 [ 1.06388027e-03 -2.14718485e-06  9.99999434e-01]]
R:
[[-9.99991287e-01  4.03649840e-03  1.06388027e-03]
 [ 4.03649840e-03  9.99991853e-01 -2.14718485e-06]
 [ 1.06388027e-03 -2.14718485e-06  9.99999434e-01]]
=============
For i = 1
H:
[[ 1.          0.          0.        ]
 [ 0.         -0.87275362  0.48816095]
 [ 0.          0.48816095  0.87275362]]
Q:
[[ 1.          0.          0.        ]
 [ 0.         -0.87275362  0.48816095]
 [ 0.          0.48816095  0.87275362]]
R:
[[ 1.          0.          0.        ]
 [ 0.         -0.87275362  0.48816095]
 [ 0.          0.48816095  0.87275362]]
=============
8 th:
Q:
[[-0.99999129 -0.00300352  0.00289897]
 [ 0.0040365  -0.87274756  0.4881551 ]
 [ 0.00106388  0.48816255  0.87275208]]
R:
[[ 1.30119973e+01  2.02079725e+00 -2.46127868e-01]
 [-2.52790019e-18 -2.75239561e+00 -4.74673482e+00]
 [ 3.40158502e-18  2.22044605e-16  1.02194204e+01]]
New A = R * Q:
[[-1.30039888e+01 -1.92287812e+00  8.09375220e-01]
 [-1.61599980e-02  8.49683670e-02 -5.48631864e+00]
 [ 1.08722397e-02  4.98873835e+00  8.91902043e+00]]
Is eig:
(False, True)
Type eig:
(None, <TypeOfEig.img: 1>)
=============
For i = 0
H:
[[-9.99998878e-01 -1.24269408e-03  8.36068665e-04]
 [-1.24269408e-03  9.99999228e-01  5.19489080e-07]
 [ 8.36068665e-04  5.19489080e-07  9.99999650e-01]]
Q:
[[-9.99998878e-01 -1.24269408e-03  8.36068665e-04]
 [-1.24269408e-03  9.99999228e-01  5.19489080e-07]
 [ 8.36068665e-04  5.19489080e-07  9.99999650e-01]]
R:
[[-9.99998878e-01 -1.24269408e-03  8.36068665e-04]
 [-1.24269408e-03  9.99999228e-01  5.19489080e-07]
 [ 8.36068665e-04  5.19489080e-07  9.99999650e-01]]
=============
For i = 1
H:
[[ 1.          0.          0.        ]
 [ 0.         -0.01751449 -0.99984661]
 [ 0.         -0.99984661  0.01751449]]
Q:
[[ 1.          0.          0.        ]
 [ 0.         -0.01751449 -0.99984661]
 [ 0.         -0.99984661  0.01751449]]
R:
[[ 1.          0.          0.        ]
 [ 0.         -0.01751449 -0.99984661]
 [ 0.         -0.99984661  0.01751449]]
=============
9 th:
Q:
[[-9.99998878e-01 -8.14175261e-04  1.25714678e-03]
 [-1.24269408e-03 -1.75150001e-02 -9.99845828e-01]
 [ 8.36068665e-04 -9.99846269e-01  1.75139687e-02]]
R:
[[ 1.30040034e+01  1.92694130e+00 -7.95099583e-01]
 [ 3.45156507e-18 -4.98789409e+00 -8.82221540e+00]
 [-1.05120463e-18  2.77555756e-17  5.64269776e+00]]
New A = R * Q:
[[-1.30070482e+01  7.50639437e-01 -1.92422163e+00]
 [-1.17755141e-03  8.90822212e+00  4.83261309e+00]
 [ 4.71768278e-03 -5.64183030e+00  9.88260319e-02]]
Is eig:
(False, True)
Type eig:
(None, <TypeOfEig.img: 1>)
=============
For i = 0
H:
[[-9.99999930e-01 -9.05317883e-05  3.62702005e-04]
 [-9.05317883e-05  9.99999996e-01  1.64180312e-08]
 [ 3.62702005e-04  1.64180312e-08  9.99999934e-01]]
Q:
[[-9.99999930e-01 -9.05317883e-05  3.62702005e-04]
 [-9.05317883e-05  9.99999996e-01  1.64180312e-08]
 [ 3.62702005e-04  1.64180312e-08  9.99999934e-01]]
R:
[[-9.99999930e-01 -9.05317883e-05  3.62702005e-04]
 [-9.05317883e-05  9.99999996e-01  1.64180312e-08]
 [ 3.62702005e-04  1.64180312e-08  9.99999934e-01]]
=============
For i = 1
H:
[[ 1.          0.          0.        ]
 [ 0.         -0.84483079  0.53503358]
 [ 0.          0.53503358  0.84483079]]
Q:
[[ 1.          0.          0.        ]
 [ 0.         -0.84483079  0.53503358]
 [ 0.          0.53503358  0.84483079]]
R:
[[ 1.          0.          0.        ]
 [ 0.         -0.84483079  0.53503358]
 [ 0.          0.53503358  0.84483079]]
=============
10 th:
Q:
[[-9.99999930e-01  2.70541794e-04  2.57984277e-04]
 [-9.05317883e-05 -8.44830782e-01  5.35033589e-01]
 [ 3.62702005e-04  5.35033529e-01  8.44830747e-01]]
R:
[[ 1.30070491e+01 -7.53492165e-01  1.92381983e+00]
 [-5.60028724e-19 -1.05443056e+01 -4.03038564e+00]
 [-6.72001506e-19 -8.88178420e-16  2.66860518e+00]]
New A = R * Q:
[[-1.30062822e+01  1.66940044e+00  1.22551414e+00]
 [-5.07234115e-04  6.75176245e+00 -9.04655136e+00]
 [ 9.67908450e-04  1.42779325e+00  2.25451971e+00]]
Is eig:
(True, True)
Type eig:
(<TypeOfEig.img: 1>, <TypeOfEig.real: 0>)
=============
For i = 0
H:
[[-9.99999996e-01 -3.89991626e-05  7.44185337e-05]
 [-3.89991626e-05  9.99999999e-01  1.45113025e-09]
 [ 7.44185337e-05  1.45113025e-09  9.99999997e-01]]
Q:
[[-9.99999996e-01 -3.89991626e-05  7.44185337e-05]
 [-3.89991626e-05  9.99999999e-01  1.45113025e-09]
 [ 7.44185337e-05  1.45113025e-09  9.99999997e-01]]
R:
[[-9.99999996e-01 -3.89991626e-05  7.44185337e-05]
 [-3.89991626e-05  9.99999999e-01  1.45113025e-09]
 [ 7.44185337e-05  1.45113025e-09  9.99999997e-01]]
=============
For i = 1
H:
[[ 1.          0.          0.        ]
 [ 0.         -0.97835927 -0.20691335]
 [ 0.         -0.20691335  0.97835927]]
Q:
[[ 1.          0.          0.        ]
 [ 0.         -0.97835927 -0.20691335]
 [ 0.         -0.20691335  0.97835927]]
R:
[[ 1.          0.          0.        ]
 [ 0.         -0.97835927 -0.20691335]
 [ 0.         -0.20691335  0.97835927]]
=============
11 th:
Q:
[[-9.99999996e-01  2.27570043e-05  8.08775098e-05]
 [-3.89991626e-05 -9.78359272e-01 -2.06913348e-01]
 [ 7.44185337e-05 -2.06913350e-01  9.78359269e-01]]
R:
[[ 1.30062822e+01 -1.66955749e+00 -1.22499355e+00]
 [ 2.12002242e-20 -6.90104089e+00  8.38431506e+00]
 [ 4.48363860e-21  2.22044605e-16  4.07768160e+00]]
New A = R * Q:
[[-1.30063082e+01  1.88719055e+00 -8.51978150e-01]
 [ 8.93083249e-04  5.01687062e+00  9.63078983e+00]
 [ 3.03455085e-04 -8.43726762e-01  3.98943759e+00]]
Is eig:
(True, True)
Type eig:
(<TypeOfEig.real: 0>, <TypeOfEig.img: 1>)
=============
General EPS = 0.001
Matrix info:
Shape = 3
Matrix:
[[-1.  2.  9.]
 [ 9.  3.  4.]
 [ 8. -4. -6.]]
