=============
For i = 0
H:
[[-0.91287093  0.18257419 -0.36514837]
 [ 0.18257419  0.98257419  0.03485163]
 [-0.36514837  0.03485163  0.93029674]]
Q:
[[-0.91287093  0.18257419 -0.36514837]
 [ 0.18257419  0.98257419  0.03485163]
 [-0.36514837  0.03485163  0.93029674]]
R:
[[-0.91287093  0.18257419 -0.36514837]
 [ 0.18257419  0.98257419  0.03485163]
 [-0.36514837  0.03485163  0.93029674]]
=============
For i = 1
H:
[[ 1.          0.          0.        ]
 [ 0.         -0.72687002  0.68677505]
 [ 0.          0.68677505  0.72687002]]
Q:
[[ 1.          0.          0.        ]
 [ 0.         -0.72687002  0.68677505]
 [ 0.          0.68677505  0.72687002]]
R:
[[ 1.          0.          0.        ]
 [ 0.         -0.72687002  0.68677505]
 [ 0.          0.68677505  0.72687002]]
=============
0 th:
Q:
[[-0.91287093 -0.38348249 -0.14002801]
 [ 0.18257419 -0.69026849  0.70014004]
 [-0.36514837  0.61357199  0.70014004]]
R:
[[-5.47722558e+00  5.47722558e-01  5.65979976e+00]
 [ 2.33193479e-16  1.17345643e+01  3.91152144e+00]
 [ 8.51502190e-17  0.00000000e+00 -4.76095229e+00]]
New A = R * Q:
[[ 3.03333333  5.19503911  5.11309993]
 [ 0.71414284 -5.7        10.95445115]
 [ 1.73845397 -2.92118697 -3.33333333]]
Is eig:
(False, True)
Type eig:
(None, <TypeOfEig.img: 1>)
=============
For i = 0
H:
[[-0.85005903 -0.20013085 -0.48718302]
 [-0.20013085  0.97835077 -0.05270121]
 [-0.48718302 -0.05270121  0.87170826]]
Q:
[[-0.85005903 -0.20013085 -0.48718302]
 [-0.20013085  0.97835077 -0.05270121]
 [-0.48718302 -0.05270121  0.87170826]]
R:
[[-0.85005903 -0.20013085 -0.48718302]
 [-0.20013085  0.97835077 -0.05270121]
 [-0.48718302 -0.05270121  0.87170826]]
=============
For i = 1
H:
[[ 1.          0.          0.        ]
 [ 0.         -0.80414932 -0.59442734]
 [ 0.         -0.59442734  0.80414932]]
Q:
[[ 1.          0.          0.        ]
 [ 0.         -0.80414932 -0.59442734]
 [ 0.         -0.59442734  0.80414932]]
R:
[[ 1.          0.          0.        ]
 [ 0.         -0.80414932 -0.59442734]
 [ 0.         -0.59442734  0.80414932]]
=============
1 th:
Q:
[[-0.85005903  0.45052999 -0.27280465]
 [-0.20013085 -0.75541307 -0.62393809]
 [-0.48718302 -0.47578758  0.73231065]]
R:
[[-3.56837965e+00 -1.85219137e+00 -4.91481694e+00]
 [ 3.34794410e-17  8.03623991e+00 -4.38557204e+00]
 [ 2.47480097e-17  4.44089210e-16 -1.06708123e+01]]
New A = R * Q:
[[ 5.79842932  2.12991637 -1.47004946]
 [ 0.52827673 -3.98407991 -8.22571729]
 [ 5.19863854  5.07703997 -7.81434941]]
Is eig:
(False, True)
Type eig:
(None, <TypeOfEig.img: 1>)
=============
For i = 0
H:
[[-0.74285925 -0.06767958 -0.66601773]
 [-0.06767958  0.99737183 -0.02586313]
 [-0.66601773 -0.02586313  0.74548741]]
Q:
[[-0.74285925 -0.06767958 -0.66601773]
 [-0.06767958  0.99737183 -0.02586313]
 [-0.66601773 -0.02586313  0.74548741]]
R:
[[-0.74285925 -0.06767958 -0.66601773]
 [-0.06767958  0.99737183 -0.02586313]
 [-0.66601773 -0.02586313  0.74548741]]
=============
For i = 1
H:
[[ 1.          0.          0.        ]
 [ 0.         -0.8645992   0.50246216]
 [ 0.          0.50246216  0.8645992 ]]
Q:
[[ 1.          0.          0.        ]
 [ 0.         -0.8645992   0.50246216]
 [ 0.          0.50246216  0.8645992 ]]
R:
[[ 1.          0.          0.        ]
 [ 0.         -0.8645992   0.50246216]
 [ 0.          0.50246216  0.8645992 ]]
=============
2 th:
Q:
[[-0.74285925 -0.27613299 -0.60984482]
 [-0.06767958 -0.87532214  0.47878036]
 [-0.66601773  0.39694046  0.63155258]]
R:
[[-7.80555581e+00 -4.69398584e+00  6.85324815e+00]
 [ 0.00000000e+00  4.91449572e+00  4.50425014e+00]
 [ 0.00000000e+00 -1.33226763e-15 -7.97698236e+00]]
New A = R * Q:
[[ 1.55173155  8.98445268  6.84097611]
 [-3.33252144 -2.51384777  5.19763483]
 [ 5.31281166 -3.16638704 -5.03788377]]
Is eig:
(False, True)
Type eig:
(None, <TypeOfEig.img: 1>)
=============
For i = 0
H:
[[-0.24018328  0.51582114 -0.82233846]
 [ 0.51582114  0.78545796  0.34202974]
 [-0.82233846  0.34202974  0.45472532]]
Q:
[[-0.24018328  0.51582114 -0.82233846]
 [ 0.51582114  0.78545796  0.34202974]
 [-0.82233846  0.34202974  0.45472532]]
R:
[[-0.24018328  0.51582114 -0.82233846]
 [ 0.51582114  0.78545796  0.34202974]
 [-0.82233846  0.34202974  0.45472532]]
=============
For i = 1
H:
[[ 1.          0.          0.        ]
 [ 0.         -0.16065069  0.98701132]
 [ 0.          0.98701132  0.16065069]]
Q:
[[ 1.          0.          0.        ]
 [ 0.         -0.16065069  0.98701132]
 [ 0.          0.98701132  0.16065069]]
R:
[[ 1.          0.          0.        ]
 [ 0.         -0.16065069  0.98701132]
 [ 0.          0.98701132  0.16065069]]
=============
3 th:
Q:
[[-0.24018328 -0.8945244   0.37701206]
 [ 0.51582114  0.21140286  0.83020322]
 [-0.82233846  0.39387172  0.41063916]]
R:
[[-6.46061434e+00 -8.50769293e-01  5.18080742e+00]
 [ 3.56716196e-17 -9.81539704e+00 -7.00490514e+00]
 [-2.19160540e-16  1.11022302e-15  4.82547130e+00]]
New A = R * Q:
[[ -3.14749044   7.63989564  -1.01459853]
 [  0.69741363  -4.83403705 -11.02526259]
 [ -3.96817065   1.9006167    1.98152749]]
Is eig:
(False, True)
Type eig:
(None, <TypeOfEig.img: 1>)
=============
For i = 0
H:
[[-0.61562481  0.13640872 -0.77614352]
 [ 0.13640872  0.98848288  0.06553052]
 [-0.77614352  0.06553052  0.62714192]]
Q:
[[-0.61562481  0.13640872 -0.77614352]
 [ 0.13640872  0.98848288  0.06553052]
 [-0.77614352  0.06553052  0.62714192]]
R:
[[-0.61562481  0.13640872 -0.77614352]
 [ 0.13640872  0.98848288  0.06553052]
 [-0.77614352  0.06553052  0.62714192]]
=============
For i = 1
H:
[[ 1.          0.          0.        ]
 [ 0.         -0.58137953 -0.8136325 ]
 [ 0.         -0.8136325   0.58137953]]
Q:
[[ 1.          0.          0.        ]
 [ 0.         -0.58137953 -0.8136325 ]
 [ 0.         -0.8136325   0.58137953]]
R:
[[ 1.          0.          0.        ]
 [ 0.         -0.58137953 -0.8136325 ]
 [ 0.         -0.8136325   0.58137953]]
=============
4 th:
Q:
[[-0.61562481  0.55219035 -0.56222052]
 [ 0.13640872 -0.62800148 -0.76616369]
 [-0.77614352 -0.54836116  0.31128971]]
R:
[[ 5.11267642e+00 -6.83786541e+00 -2.41727962e+00]
 [-2.96779318e-16  6.21223470e+00  5.27703702e+00]
 [ 3.48515730e-16 -8.88178420e-16  9.63441311e+00]]
New A = R * Q:
[[-2.20407899  8.44290243  1.61199833]
 [-3.24833509 -6.79501471 -3.11690132]
 [-7.47768726 -5.28313791  2.99909371]]
Is eig:
(False, True)
Type eig:
(None, <TypeOfEig.img: 1>)
=============
For i = 0
H:
[[-0.2609786  -0.38462593 -0.88541124]
 [-0.38462593  0.88268072 -0.27006971]
 [-0.88541124 -0.27006971  0.37829788]]
Q:
[[-0.2609786  -0.38462593 -0.88541124]
 [-0.38462593  0.88268072 -0.27006971]
 [-0.88541124 -0.27006971  0.37829788]]
R:
[[-0.2609786  -0.38462593 -0.88541124]
 [-0.38462593  0.88268072 -0.27006971]
 [-0.88541124 -0.27006971  0.37829788]]
=============
For i = 1
H:
[[ 1.          0.          0.        ]
 [ 0.         -0.71526809 -0.69885017]
 [ 0.         -0.69885017  0.71526809]]
Q:
[[ 1.          0.          0.        ]
 [ 0.         -0.71526809 -0.69885017]
 [ 0.         -0.69885017  0.71526809]]
R:
[[ 1.          0.          0.        ]
 [ 0.         -0.71526809 -0.69885017]
 [ 0.         -0.69885017  0.71526809]]
=============
5 th:
Q:
[[-0.2609786   0.89388045 -0.36451051]
 [-0.38462593 -0.44261509 -0.81003381]
 [-0.88541124 -0.07120129  0.45932266]]
R:
[[ 8.44543971  5.08787173 -1.87728728]
 [ 0.         10.93068771  2.606982  ]
 [ 0.          0.          3.31475683]]
New A = R * Q:
[[-2.49883512  5.43090992 -8.06208029]
 [-6.51247709 -5.02370781 -7.65678073]
 [-2.93492296 -0.23601497  1.52254293]]
Is eig:
(False, True)
Type eig:
(None, <TypeOfEig.img: 1>)
=============
For i = 0
H:
[[-0.33019679 -0.86056058 -0.38782156]
 [-0.86056058  0.44326695 -0.25089818]
 [-0.38782156 -0.25089818  0.88692984]]
Q:
[[-0.33019679 -0.86056058 -0.38782156]
 [-0.86056058  0.44326695 -0.25089818]
 [-0.38782156 -0.25089818  0.88692984]]
R:
[[-0.33019679 -0.86056058 -0.38782156]
 [-0.86056058  0.44326695 -0.25089818]
 [-0.38782156 -0.25089818  0.88692984]]
=============
For i = 1
H:
[[ 1.         0.         0.       ]
 [ 0.        -0.9883149 -0.1524259]
 [ 0.        -0.1524259  0.9883149]]
Q:
[[ 1.         0.         0.       ]
 [ 0.        -0.9883149 -0.1524259]
 [ 0.        -0.1524259  0.9883149]]
R:
[[ 1.         0.         0.       ]
 [ 0.        -0.9883149 -0.1524259]
 [ 0.        -0.1524259  0.9883149]]
=============
6 th:
Q:
[[-0.33019679  0.9096189  -0.2521181 ]
 [-0.86056058 -0.39984395 -0.31553177]
 [-0.38782156  0.11277533  0.91480936]]
R:
[[ 7.56771482e+00  2.62146761e+00  8.66072174e+00]
 [ 1.09724996e-15  6.92214081e+00 -4.10019789e+00]
 [ 1.69226744e-16  0.00000000e+00  5.84139049e+00]]
New A = R * Q:
[[-8.11358143  6.81227419  5.18779508]
 [-4.3667764  -3.23017726 -5.93505475]
 [-2.26541717  0.65876472  5.34375869]]
Is eig:
(False, True)
Type eig:
(None, <TypeOfEig.img: 1>)
=============
For i = 0
H:
[[-0.85509906 -0.46021926 -0.23875475]
 [-0.46021926  0.88582725 -0.05923109]
 [-0.23875475 -0.05923109  0.96927181]]
Q:
[[-0.85509906 -0.46021926 -0.23875475]
 [-0.46021926  0.88582725 -0.05923109]
 [-0.23875475 -0.05923109  0.96927181]]
R:
[[-0.85509906 -0.46021926 -0.23875475]
 [-0.46021926  0.88582725 -0.05923109]
 [-0.23875475 -0.05923109  0.96927181]]
=============
For i = 1
H:
[[ 1.          0.          0.        ]
 [ 0.         -0.99140187 -0.13085236]
 [ 0.         -0.13085236  0.99140187]]
Q:
[[ 1.          0.          0.        ]
 [ 0.         -0.99140187 -0.13085236]
 [ 0.         -0.13085236  0.99140187]]
R:
[[ 1.          0.          0.        ]
 [ 0.         -0.99140187 -0.13085236]
 [ 0.         -0.13085236  0.99140187]]
=============
7 th:
Q:
[[-0.85509906  0.48750385 -0.17648113]
 [-0.46021926 -0.87046026 -0.1746344 ]
 [-0.23875475 -0.0681097   0.96868841]]
R:
[[ 9.48846957e+00 -4.49586270e+00 -2.98049999e+00]
 [ 1.37584647e-16  6.08788258e+00  7.33133758e+00]
 [ 1.81594135e-17 -1.11022302e-16  5.29735393e+00]]
New A = R * Q:
[[-5.33289032  8.74213623 -3.77657931]
 [-4.55215245 -5.79859505  6.03862804]
 [-1.26476841 -0.36080118  5.13148536]]
Is eig:
(False, True)
Type eig:
(None, <TypeOfEig.img: 1>)
=============
For i = 0
H:
[[-0.74850661 -0.63892486 -0.17751865]
 [-0.63892486  0.76652935 -0.0648674 ]
 [-0.17751865 -0.0648674   0.98197726]]
Q:
[[-0.74850661 -0.63892486 -0.17751865]
 [-0.63892486  0.76652935 -0.0648674 ]
 [-0.17751865 -0.0648674   0.98197726]]
R:
[[-0.74850661 -0.63892486 -0.17751865]
 [-0.63892486  0.76652935 -0.0648674 ]
 [-0.17751865 -0.0648674   0.98197726]]
=============
For i = 1
H:
[[ 1.          0.          0.        ]
 [ 0.         -0.98851203 -0.15114223]
 [ 0.         -0.15114223  0.98851203]]
Q:
[[ 1.          0.          0.        ]
 [ 0.         -0.98851203 -0.15114223]
 [ 0.         -0.15114223  0.98851203]]
R:
[[ 1.          0.          0.        ]
 [ 0.         -0.98851203 -0.15114223]
 [ 0.         -0.15114223  0.98851203]]
=============
8 th:
Q:
[[-0.74850661  0.65841548 -0.0789108 ]
 [-0.63892486 -0.74791927 -0.17997716]
 [-0.17751865 -0.08429603  0.98050054]]
R:
[[ 7.12470703e+00 -2.77463129e+00 -1.94236938e+00]
 [-1.12343437e-15  1.01232529e+01 -7.43552839e+00]
 [ 2.77478500e-16  0.00000000e+00  4.24262190e+00]]
New A = R * Q:
[[-3.2153026   6.92995161 -1.96734026]
 [-5.14805296 -6.94459046 -9.11249393]
 [-0.75314453 -0.35763617  4.15989306]]
Is eig:
(False, True)
Type eig:
(None, <TypeOfEig.img: 1>)
=============
For i = 0
H:
[[-0.52570305 -0.84170838 -0.12313938]
 [-0.84170838  0.53564162 -0.06793422]
 [-0.12313938 -0.06793422  0.99006143]]
Q:
[[-0.52570305 -0.84170838 -0.12313938]
 [-0.84170838  0.53564162 -0.06793422]
 [-0.12313938 -0.06793422  0.99006143]]
R:
[[-0.52570305 -0.84170838 -0.12313938]
 [-0.84170838  0.53564162 -0.06793422]
 [-0.12313938 -0.06793422  0.99006143]]
=============
For i = 1
H:
[[ 1.          0.          0.        ]
 [ 0.         -0.99703289 -0.0769767 ]
 [ 0.         -0.0769767   0.99703289]]
Q:
[[ 1.          0.          0.        ]
 [ 0.         -0.99703289 -0.0769767 ]
 [ 0.         -0.0769767   0.99703289]]
R:
[[ 1.          0.          0.        ]
 [ 0.         -0.99703289 -0.0769767 ]
 [ 0.         -0.0769767   0.99703289]]
=============
9 th:
Q:
[[-0.52570305  0.8486898  -0.05798208]
 [-0.84170838 -0.52882296 -0.10896458]
 [-0.12313938 -0.00847901  0.99235316]]
R:
[[ 6.11619545e+00  2.24626238e+00  8.19205261e+00]
 [ 8.66416007e-16  9.55687056e+00  3.11396263e+00]
 [-4.44603734e-17  1.11022302e-16  5.23509259e+00]]
New A = R * Q:
[[-6.11476477  3.93341709  7.53001655]
 [-8.42754947 -5.08029591  2.04879028]
 [-0.64464607 -0.04438841  5.19506069]]
Is eig:
(False, True)
Type eig:
(None, <TypeOfEig.img: 1>)
=============
For i = 0
H:
[[-0.58614684 -0.80784489 -0.06179424]
 [-0.80784489  0.58855426 -0.0314726 ]
 [-0.06179424 -0.0314726   0.99759258]]
Q:
[[-0.58614684 -0.80784489 -0.06179424]
 [-0.80784489  0.58855426 -0.0314726 ]
 [-0.06179424 -0.0314726   0.99759258]]
R:
[[-0.58614684 -0.80784489 -0.06179424]
 [-0.80784489  0.58855426 -0.0314726 ]
 [-0.06179424 -0.0314726   0.99759258]]
=============
For i = 1
H:
[[ 1.          0.          0.        ]
 [ 0.         -0.99978645 -0.02066528]
 [ 0.         -0.02066528  0.99978645]]
Q:
[[ 1.          0.          0.        ]
 [ 0.         -0.99978645 -0.02066528]
 [ 0.         -0.02066528  0.99978645]]
R:
[[ 1.          0.          0.        ]
 [ 0.         -0.99978645 -0.02066528]
 [ 0.         -0.02066528  0.99978645]]
=============
10 th:
Q:
[[-0.58614684  0.80894937 -0.0450867 ]
 [-0.80784489 -0.58777818 -0.04362852]
 [-0.06179424  0.01085035  0.99802993]]
R:
[[ 1.04321382e+01  1.80127404e+00 -6.38982495e+00]
 [-2.69747891e-15  6.16754073e+00  4.94353610e+00]
 [ 5.52899520e-17  0.00000000e+00  4.75593674e+00]]
New A = R * Q:
[[-7.17506041  7.31099015 -6.9261742 ]
 [-5.2878983  -3.57150681  4.66471633]
 [-0.29388951  0.05160357  4.74656721]]
Is eig:
(False, True)
Type eig:
(None, <TypeOfEig.img: 1>)
=============
For i = 0
H:
[[-0.80456438 -0.59295036 -0.03295485]
 [-0.59295036  0.8051662  -0.01082842]
 [-0.03295485 -0.01082842  0.99939818]]
Q:
[[-0.80456438 -0.59295036 -0.03295485]
 [-0.59295036  0.8051662  -0.01082842]
 [-0.03295485 -0.01082842  0.99939818]]
R:
[[-0.80456438 -0.59295036 -0.03295485]
 [-0.59295036  0.8051662  -0.01082842]
 [-0.03295485 -0.01082842  0.99939818]]
=============
For i = 1
H:
[[ 1.          0.          0.        ]
 [ 0.         -0.99978175 -0.02089138]
 [ 0.         -0.02089138  0.99978175]]
Q:
[[ 1.          0.          0.        ]
 [ 0.         -0.99978175 -0.02089138]
 [ 0.         -0.02089138  0.99978175]]
R:
[[ 1.          0.          0.        ]
 [ 0.         -0.99978175 -0.02089138]
 [ 0.         -0.02089138  0.99978175]]
=============
11 th:
Q:
[[-0.80456438  0.59350942 -0.0205601 ]
 [-0.59295036 -0.80476426 -0.0276471 ]
 [-0.03295485 -0.01005275  0.99940628]]
R:
[[ 8.91794435e+00 -3.76613664e+00  2.65018545e+00]
 [-2.09129611e-16  7.21284380e+00 -7.91246266e+00]
 [-5.98932294e-17  2.77555756e-17  4.75718610e+00]]
New A = R * Q:
[[-5.0292648   8.29709449  2.56938087]
 [-4.01610431 -5.72509689 -8.10717908]
 [-0.15677235 -0.04782279  4.75436169]]
Is eig:
(False, True)
Type eig:
(None, <TypeOfEig.img: 1>)
=============
For i = 0
H:
[[-0.78119064 -0.62381744 -0.02435129]
 [-0.62381744  0.78152355 -0.00852843]
 [-0.02435129 -0.00852843  0.99966708]]
Q:
[[-0.78119064 -0.62381744 -0.02435129]
 [-0.62381744  0.78152355 -0.00852843]
 [-0.02435129 -0.00852843  0.99966708]]
R:
[[-0.78119064 -0.62381744 -0.02435129]
 [-0.62381744  0.78152355 -0.00852843]
 [-0.02435129 -0.00852843  0.99966708]]
=============
For i = 1
H:
[[ 1.          0.          0.        ]
 [ 0.         -0.99978308 -0.02082768]
 [ 0.         -0.02082768  0.99978308]]
Q:
[[ 1.          0.          0.        ]
 [ 0.         -0.99978308 -0.02082768]
 [ 0.         -0.02082768  0.99978308]]
R:
[[ 1.          0.          0.        ]
 [ 0.         -0.99978308 -0.02082768]
 [ 0.         -0.02082768  0.99978308]]
=============
12 th:
Q:
[[-0.78119064  0.6241893  -0.01135334]
 [-0.62381744 -0.7811764  -0.0248039 ]
 [-0.02435129 -0.01229416  0.99962786]]
R:
[[ 6.43794810e+00 -2.90903271e+00  2.93444858e+00]
 [-4.62853904e-16  9.65185615e+00  7.87846612e+00]
 [-9.64226324e-18  2.77555756e-17  4.92451103e+00]]
New A = R * Q:
[[-3.28601706  6.25488945  2.93241971]
 [-6.21284703 -7.63666138  7.63613059]
 [-0.1199182  -0.06054274  4.92267844]]
Is eig:
(False, True)
Type eig:
(None, <TypeOfEig.img: 1>)
=============
For i = 0
H:
[[-0.46747099 -0.88384379 -0.01705964]
 [-0.88384379  0.46766931 -0.01027486]
 [-0.01705964 -0.01027486  0.99980168]]
Q:
[[-0.46747099 -0.88384379 -0.01705964]
 [-0.88384379  0.46766931 -0.01027486]
 [-0.01705964 -0.01027486  0.99980168]]
R:
[[-0.46747099 -0.88384379 -0.01705964]
 [-0.88384379  0.46766931 -0.01027486]
 [-0.01705964 -0.01027486  0.99980168]]
=============
For i = 1
H:
[[ 1.          0.          0.        ]
 [ 0.         -0.99995241 -0.00975553]
 [ 0.         -0.00975553  0.99995241]]
Q:
[[ 1.          0.          0.        ]
 [ 0.         -0.99995241 -0.00975553]
 [ 0.         -0.00975553  0.99995241]]
R:
[[ 1.          0.          0.        ]
 [ 0.         -0.99995241 -0.00975553]
 [ 0.         -0.00975553  0.99995241]]
=============
13 th:
Q:
[[-4.67470993e-01  8.83968154e-01 -8.43646924e-03]
 [-8.83843787e-01 -4.67546823e-01 -1.48367329e-02]
 [-1.70596438e-02  5.20778672e-04  9.99854338e-01]]
R:
[[ 7.02934966e+00  3.82666917e+00 -8.20394687e+00]
 [-3.03697547e-16  9.09958832e+00 -9.75519336e-01]
 [ 1.09155773e-17 -1.38777878e-17  4.78392690e+00]]
New A = R * Q:
[[-6.52823842e+00  4.42030179e+00 -8.31883003e+00]
 [-8.02597259e+00 -4.25499164e+00 -1.11038540e+00]
 [-8.16120887e-02  2.49136710e-03  4.78323006e+00]]
Is eig:
(False, True)
Type eig:
(None, <TypeOfEig.img: 1>)
=============
For i = 0
H:
[[-0.63098836 -0.77575219 -0.00788823]
 [-0.77575219  0.63102651 -0.00375191]
 [-0.00788823 -0.00375191  0.99996185]]
Q:
[[-0.63098836 -0.77575219 -0.00788823]
 [-0.77575219  0.63102651 -0.00375191]
 [-0.00788823 -0.00375191  0.99996185]]
R:
[[-0.63098836 -0.77575219 -0.00788823]
 [-0.77575219  0.63102651 -0.00375191]
 [-0.00788823 -0.00375191  0.99996185]]
=============
For i = 1
H:
[[ 1.          0.          0.        ]
 [ 0.         -0.9999964  -0.00268441]
 [ 0.         -0.00268441  0.9999964 ]]
Q:
[[ 1.          0.          0.        ]
 [ 0.         -0.9999964  -0.00268441]
 [ 0.         -0.00268441  0.9999964 ]]
R:
[[ 1.          0.          0.        ]
 [ 0.         -0.9999964  -0.00268441]
 [ 0.         -0.00268441  0.9999964 ]]
=============
14 th:
Q:
[[-0.63098836  0.77577057 -0.00580577]
 [-0.77575219 -0.63101417 -0.00544583]
 [-0.00788823  0.00106758  0.99996832]]
R:
[[ 1.03460521e+01  5.11640470e-01  6.07273758e+00]
 [ 8.30224822e-16  6.11410272e+00 -5.74772814e+00]
 [ 2.22867432e-18  3.46944695e-18  4.83742268e+00]]
New A = R * Q:
[[-6.97304782e+00  7.70979351e+00  6.00969210e+00]
 [-4.69768916e+00 -3.86422160e+00 -5.78084239e+00]
 [-3.81587262e-02  5.16434639e-03  4.83726942e+00]]
Is eig:
(False, True)
Type eig:
(None, <TypeOfEig.img: 1>)
=============
For i = 0
H:
[[-0.82934269 -0.55872185 -0.00453843]
 [-0.55872185  0.82935395 -0.00138614]
 [-0.00453843 -0.00138614  0.99998874]]
Q:
[[-0.82934269 -0.55872185 -0.00453843]
 [-0.55872185  0.82935395 -0.00138614]
 [-0.00453843 -0.00138614  0.99998874]]
R:
[[-0.82934269 -0.55872185 -0.00453843]
 [-0.55872185  0.82935395 -0.00138614]
 [-0.00453843 -0.00138614  0.99998874]]
=============
For i = 1
H:
[[ 1.         0.         0.       ]
 [ 0.        -0.9999947 -0.0032572]
 [ 0.        -0.0032572  0.9999947]]
Q:
[[ 1.         0.         0.       ]
 [ 0.        -0.9999947 -0.0032572]
 [ 0.        -0.0032572  0.9999947]]
R:
[[ 1.         0.         0.       ]
 [ 0.        -0.9999947 -0.0032572]
 [ 0.        -0.0032572  0.9999947]]
=============
15 th:
Q:
[[-0.82934269  0.55873367 -0.00271853]
 [-0.55872185 -0.82934504 -0.0040875 ]
 [-0.00453843 -0.00187104  0.99998795]]
R:
[[ 8.40792100e+00 -4.23505930e+00 -1.77616486e+00]
 [ 1.16071586e-15  7.51248454e+00  8.14307952e+00]
 [-3.15822126e-18  0.00000000e+00  4.84450282e+00]]
New A = R * Q:
[[-4.59876667  8.21343721 -1.78168982]
 [-4.23434602 -6.24567778  8.11227409]
 [-0.02198642 -0.00906426  4.84444445]]
Is eig:
(False, True)
Type eig:
(None, <TypeOfEig.img: 1>)
=============
For i = 0
H:
[[-0.73564897 -0.67735384 -0.00351709]
 [-0.67735384  0.73565609 -0.00137258]
 [-0.00351709 -0.00137258  0.99999287]]
Q:
[[-0.73564897 -0.67735384 -0.00351709]
 [-0.67735384  0.73565609 -0.00137258]
 [-0.00351709 -0.00137258  0.99999287]]
R:
[[-0.73564897 -0.67735384 -0.00351709]
 [-0.67735384  0.73565609 -0.00137258]
 [-0.00351709 -0.00137258  0.99999287]]
=============
For i = 1
H:
[[ 1.          0.          0.        ]
 [ 0.         -0.99999582 -0.00289217]
 [ 0.         -0.00289217  0.99999582]]
Q:
[[ 1.          0.          0.        ]
 [ 0.         -0.99999582 -0.00289217]
 [ 0.         -0.00289217  0.99999582]]
R:
[[ 1.          0.          0.        ]
 [ 0.         -0.99999582 -0.00289217]
 [ 0.         -0.00289217  0.99999582]]
=============
16 th:
Q:
[[-0.73564897  0.67736118 -0.00155806]
 [-0.67735384 -0.73564905 -0.00350021]
 [-0.00351709 -0.00151957  0.99999266]]
R:
[[ 6.25130582e+00 -1.81164088e+00 -4.20122011e+00]
 [-9.36038643e-16  1.01581042e+01 -7.18199571e+00]
 [-2.70718994e-18  3.46944695e-18  4.81879018e+00]]
New A = R * Q:
[[-3.35686868e+00  5.57350783e+00 -4.20458804e+00]
 [-6.85537118e+00 -7.46188614e+00 -7.21749852e+00]
 [-1.69481279e-02 -7.32249554e-03  4.81875482e+00]]
Is eig:
(False, True)
Type eig:
(None, <TypeOfEig.img: 1>)
=============
For i = 0
H:
[[-0.43977506 -0.89810521 -0.00222033]
 [-0.89810521  0.43977848 -0.001385  ]
 [-0.00222033 -0.001385    0.99999658]]
Q:
[[-0.43977506 -0.89810521 -0.00222033]
 [-0.89810521  0.43977848 -0.001385  ]
 [-0.00222033 -0.001385    0.99999658]]
R:
[[-0.43977506 -0.89810521 -0.00222033]
 [-0.89810521  0.43977848 -0.001385  ]
 [-0.00222033 -0.001385    0.99999658]]
=============
For i = 1
H:
[[ 1.          0.          0.        ]
 [ 0.         -0.99999936 -0.00112979]
 [ 0.         -0.00112979  0.99999936]]
Q:
[[ 1.          0.          0.        ]
 [ 0.         -0.99999936 -0.00112979]
 [ 0.         -0.00112979  0.99999936]]
R:
[[ 1.          0.          0.        ]
 [ 0.         -0.99999936 -0.00112979]
 [ 0.         -0.00112979  0.99999936]]
=============
17 th:
Q:
[[-4.39775057e-01  8.98107146e-01 -1.20565851e-03]
 [-8.98105211e-01 -4.39776635e-01 -1.88185991e-03]
 [-2.22033228e-03  2.55213140e-04  9.99997502e-01]]
R:
[[ 7.63314933e+00  4.25048535e+00  8.32044674e+00]
 [-1.21798570e-15  8.28716852e+00 -6.00853537e-01]
 [ 2.09337742e-18 -3.46944695e-18  4.83739440e+00]]
New A = R * Q:
[[-7.19272588e+00  4.98824530e+00  8.30322417e+00]
 [-7.44141514e+00 -3.64465644e+00 -6.16447327e-01]
 [-1.07406229e-02  1.23456661e-03  4.83738232e+00]]
Is eig:
(False, True)
Type eig:
(None, <TypeOfEig.img: 1>)
=============
For i = 0
H:
[[-6.94989650e-01 -7.19018991e-01 -1.03780151e-03]
 [-7.19018991e-01  6.94990286e-01 -4.40238083e-04]
 [-1.03780151e-03 -4.40238083e-04  9.99999365e-01]]
Q:
[[-6.94989650e-01 -7.19018991e-01 -1.03780151e-03]
 [-7.19018991e-01  6.94990286e-01 -4.40238083e-04]
 [-1.03780151e-03 -4.40238083e-04  9.99999365e-01]]
R:
[[-6.94989650e-01 -7.19018991e-01 -1.03780151e-03]
 [-7.19018991e-01  6.94990286e-01 -4.40238083e-04]
 [-1.03780151e-03 -4.40238083e-04  9.99999365e-01]]
=============
For i = 1
H:
[[ 1.00000000e+00  0.00000000e+00  0.00000000e+00]
 [ 0.00000000e+00 -9.99999927e-01 -3.82003554e-04]
 [ 0.00000000e+00 -3.82003554e-04  9.99999927e-01]]
Q:
[[ 1.00000000e+00  0.00000000e+00  0.00000000e+00]
 [ 0.00000000e+00 -9.99999927e-01 -3.82003554e-04]
 [ 0.00000000e+00 -3.82003554e-04  9.99999927e-01]]
R:
[[ 1.00000000e+00  0.00000000e+00  0.00000000e+00]
 [ 0.00000000e+00 -9.99999927e-01 -3.82003554e-04]
 [ 0.00000000e+00 -3.82003554e-04  9.99999927e-01]]
=============
18 th:
Q:
[[-6.94989650e-01  7.19019335e-01 -7.63133624e-04]
 [-7.19018991e-01 -6.94990067e-01 -7.05726810e-04]
 [-1.03780151e-03  5.82347390e-05  9.99999460e-01]]
R:
[[ 1.03494000e+01 -8.46202942e-01 -5.33243777e+00]
 [-1.02237293e-15  6.11964491e+00  6.39888519e+00]
 [-3.90550121e-19 -4.33680869e-19  4.83147828e+00]]
New A = R * Q:
[[-6.57875588e+00  8.02921080e+00 -5.33973567e+00]
 [-4.40678168e+00 -4.25271978e+00  6.39456294e+00]
 [-5.01411545e-03  2.81359877e-04  4.83147567e+00]]
Is eig:
(False, True, True)
Type eig:
(None, <TypeOfEig.real: 0>, <TypeOfEig.real: 0>)
=============
For i = 0
H:
[[-8.30827316e-01 -5.56529936e-01 -6.33229771e-04]
 [-5.56529936e-01  8.30827535e-01 -1.92487473e-04]
 [-6.33229771e-04 -1.92487473e-04  9.99999781e-01]]
Q:
[[-8.30827316e-01 -5.56529936e-01 -6.33229771e-04]
 [-5.56529936e-01  8.30827535e-01 -1.92487473e-04]
 [-6.33229771e-04 -1.92487473e-04  9.99999781e-01]]
R:
[[-8.30827316e-01 -5.56529936e-01 -6.33229771e-04]
 [-5.56529936e-01  8.30827535e-01 -1.92487473e-04]
 [-6.33229771e-04 -1.92487473e-04  9.99999781e-01]]
=============
For i = 1
H:
[[ 1.00000000e+00  0.00000000e+00  0.00000000e+00]
 [ 0.00000000e+00 -9.99999876e-01 -4.97937115e-04]
 [ 0.00000000e+00 -4.97937115e-04  9.99999876e-01]]
Q:
[[ 1.00000000e+00  0.00000000e+00  0.00000000e+00]
 [ 0.00000000e+00 -9.99999876e-01 -4.97937115e-04]
 [ 0.00000000e+00 -4.97937115e-04  9.99999876e-01]]
R:
[[ 1.00000000e+00  0.00000000e+00  0.00000000e+00]
 [ 0.00000000e+00 -9.99999876e-01 -4.97937115e-04]
 [ 0.00000000e+00 -4.97937115e-04  9.99999876e-01]]
=============
19 th:
Q:
[[-8.30827316e-01  5.56530183e-01 -3.56112782e-04]
 [-5.56529936e-01 -8.30827336e-01 -6.06187315e-04]
 [-6.33229771e-04 -3.05449556e-04  9.99999753e-01]]
R:
[[ 7.91831919e+00 -4.30412197e+00  8.74573120e-01]
 [-1.35716134e-15  8.00177392e+00 -8.28597753e+00]
 [ 1.91580758e-19  0.00000000e+00  4.82949972e+00]]
New A = R * Q:
[[-4.18393696e+00  7.98249868e+00  8.74362193e-01]
 [-4.44797980e+00 -6.64556156e+00 -8.29082606e+00]
 [-3.05818300e-03 -1.47516855e-03  4.82949853e+00]]
Is eig:
(False, True)
Type eig:
(None, <TypeOfEig.img: 1>)
=============
For i = 0
H:
[[-6.85156439e-01 -7.28395774e-01 -5.00804336e-04]
 [-7.28395774e-01  6.85156588e-01 -2.16468782e-04]
 [-5.00804336e-04 -2.16468782e-04  9.99999851e-01]]
Q:
[[-6.85156439e-01 -7.28395774e-01 -5.00804336e-04]
 [-7.28395774e-01  6.85156588e-01 -2.16468782e-04]
 [-5.00804336e-04 -2.16468782e-04  9.99999851e-01]]
R:
[[-6.85156439e-01 -7.28395774e-01 -5.00804336e-04]
 [-7.28395774e-01  6.85156588e-01 -2.16468782e-04]
 [-5.00804336e-04 -2.16468782e-04  9.99999851e-01]]
=============
For i = 1
H:
[[ 1.00000000e+00  0.00000000e+00  0.00000000e+00]
 [ 0.00000000e+00 -9.99999924e-01 -3.89121377e-04]
 [ 0.00000000e+00 -3.89121377e-04  9.99999924e-01]]
Q:
[[ 1.00000000e+00  0.00000000e+00  0.00000000e+00]
 [ 0.00000000e+00 -9.99999924e-01 -3.89121377e-04]
 [ 0.00000000e+00 -3.89121377e-04  9.99999924e-01]]
R:
[[ 1.00000000e+00  0.00000000e+00  0.00000000e+00]
 [ 0.00000000e+00 -9.99999924e-01 -3.89121377e-04]
 [ 0.00000000e+00 -3.89121377e-04  9.99999924e-01]]
=============
20 th:
Q:
[[-6.85156439e-01  7.28395914e-01 -2.17369932e-04]
 [-7.28395774e-01 -6.85156452e-01 -4.83077841e-04]
 [-5.00804336e-04 -1.72652554e-04  9.99999860e-01]]
R:
[[ 6.10654257e+00 -6.28660675e-01  5.43750914e+00]
 [ 2.24901418e-16  1.03676691e+01  6.31656099e+00]
 [ 8.75139563e-20 -8.67361738e-19  4.83331290e+00]]
New A = R * Q:
[[-3.72874631e+00  4.87777277e+00  5.43648469e+00]
 [-7.55492968e+00 -7.10456591e+00  6.31155171e+00]
 [-2.42054406e-03 -8.34483815e-04  4.83331222e+00]]
Is eig:
(False, True, True)
Type eig:
(None, <TypeOfEig.real: 0>, <TypeOfEig.real: 0>)
=============
For i = 0
H:
[[-4.42581500e-01 -8.96728238e-01 -2.87305151e-04]
 [-8.96728238e-01  4.42581557e-01 -1.78592781e-04]
 [-2.87305151e-04 -1.78592781e-04  9.99999943e-01]]
Q:
[[-4.42581500e-01 -8.96728238e-01 -2.87305151e-04]
 [-8.96728238e-01  4.42581557e-01 -1.78592781e-04]
 [-2.87305151e-04 -1.78592781e-04  9.99999943e-01]]
R:
[[-4.42581500e-01 -8.96728238e-01 -2.87305151e-04]
 [-8.96728238e-01  4.42581557e-01 -1.78592781e-04]
 [-2.87305151e-04 -1.78592781e-04  9.99999943e-01]]
=============
For i = 1
H:
[[ 1.00000000e+00  0.00000000e+00  0.00000000e+00]
 [ 0.00000000e+00 -9.99999992e-01 -1.28627179e-04]
 [ 0.00000000e+00 -1.28627179e-04  9.99999992e-01]]
Q:
[[ 1.00000000e+00  0.00000000e+00  0.00000000e+00]
 [ 0.00000000e+00 -9.99999992e-01 -1.28627179e-04]
 [ 0.00000000e+00 -1.28627179e-04  9.99999992e-01]]
R:
[[ 1.00000000e+00  0.00000000e+00  0.00000000e+00]
 [ 0.00000000e+00 -9.99999992e-01 -1.28627179e-04]
 [ 0.00000000e+00 -1.28627179e-04  9.99999992e-01]]
=============
21 th:
Q:
[[-4.42581500e-01  8.96728268e-01 -1.71961525e-04]
 [-8.96728238e-01 -4.42581531e-01 -2.35520797e-04]
 [-2.87305151e-04  4.99656076e-05  9.99999957e-01]]
R:
[[ 8.42499362e+00  4.21205312e+00 -8.06722283e+00]
 [ 8.71092646e-16  7.51838634e+00  2.08191478e+00]
 [ 1.12046191e-19 -1.08420217e-19  4.83089065e+00]]
New A = R * Q:
[[-7.50349553e+00  5.69034993e+00 -8.06966329e+00]
 [-6.74254748e+00 -3.32739491e+00  2.08014396e+00]
 [-1.38793977e-03  2.41378386e-04  4.83089045e+00]]
Is eig:
(False, True, True)
Type eig:
(None, <TypeOfEig.real: 0>, <TypeOfEig.real: 0>)
=============
For i = 0
H:
[[-7.43816321e-01 -6.68384067e-01 -1.37585509e-04]
 [-6.68384067e-01  7.43816332e-01 -5.27348901e-05]
 [-1.37585509e-04 -5.27348901e-05  9.99999989e-01]]
Q:
[[-7.43816321e-01 -6.68384067e-01 -1.37585509e-04]
 [-6.68384067e-01  7.43816332e-01 -5.27348901e-05]
 [-1.37585509e-04 -5.27348901e-05  9.99999989e-01]]
R:
[[-7.43816321e-01 -6.68384067e-01 -1.37585509e-04]
 [-6.68384067e-01  7.43816332e-01 -5.27348901e-05]
 [-1.37585509e-04 -5.27348901e-05  9.99999989e-01]]
=============
For i = 1
H:
[[ 1.00000000e+00  0.00000000e+00  0.00000000e+00]
 [ 0.00000000e+00 -9.99999998e-01 -5.83057393e-05]
 [ 0.00000000e+00 -5.83057393e-05  9.99999998e-01]]
Q:
[[ 1.00000000e+00  0.00000000e+00  0.00000000e+00]
 [ 0.00000000e+00 -9.99999998e-01 -5.83057393e-05]
 [ 0.00000000e+00 -5.83057393e-05  9.99999998e-01]]
R:
[[ 1.00000000e+00  0.00000000e+00  0.00000000e+00]
 [ 0.00000000e+00 -9.99999998e-01 -5.83057393e-05]
 [ 0.00000000e+00 -5.83057393e-05  9.99999998e-01]]
=============
22 th:
Q:
[[-7.43816321e-01  6.68384074e-01 -9.86148814e-05]
 [-6.68384067e-01 -7.43816328e-01 -9.61036511e-05]
 [-1.37585509e-04 -5.57084863e-06  9.99999991e-01]]
R:
[[ 1.00878339e+01 -2.00859744e+00  4.61134752e+00]
 [-2.79766825e-15  6.27830993e+00 -6.94090638e+00]
 [ 5.37203189e-20  0.00000000e+00  4.83148628e+00]]
New A = R * Q:
[[-6.16161546e+00  8.23654944e+00  4.61054570e+00]
 [-4.19536736e+00 -4.66987077e+00 -6.94150968e+00]
 [-6.64742498e-04 -2.69154787e-05  4.83148623e+00]]
Is eig:
(True, True)
Type eig:
(<TypeOfEig.img: 1>, <TypeOfEig.real: 0>)
=============
For i = 0
H:
[[-8.26585207e-01 -5.62811591e-01 -8.91756909e-05]
 [-5.62811591e-01  8.26585212e-01 -2.74770168e-05]
 [-8.91756909e-05 -2.74770168e-05  9.99999996e-01]]
Q:
[[-8.26585207e-01 -5.62811591e-01 -8.91756909e-05]
 [-5.62811591e-01  8.26585212e-01 -2.74770168e-05]
 [-8.91756909e-05 -2.74770168e-05  9.99999996e-01]]
R:
[[-8.26585207e-01 -5.62811591e-01 -8.91756909e-05]
 [-5.62811591e-01  8.26585212e-01 -2.74770168e-05]
 [-8.91756909e-05 -2.74770168e-05  9.99999996e-01]]
=============
For i = 1
H:
[[ 1.00000000e+00  0.00000000e+00  0.00000000e+00]
 [ 0.00000000e+00 -9.99999997e-01 -7.45204587e-05]
 [ 0.00000000e+00 -7.45204587e-05  9.99999997e-01]]
Q:
[[ 1.00000000e+00  0.00000000e+00  0.00000000e+00]
 [ 0.00000000e+00 -9.99999997e-01 -7.45204587e-05]
 [ 0.00000000e+00 -7.45204587e-05  9.99999997e-01]]
R:
[[ 1.00000000e+00  0.00000000e+00  0.00000000e+00]
 [ 0.00000000e+00 -9.99999997e-01 -7.45204587e-05]
 [ 0.00000000e+00 -7.45204587e-05  9.99999997e-01]]
=============
23 th:
Q:
[[-8.26585207e-01  5.62811596e-01 -4.72347127e-05]
 [-5.62811591e-01 -8.26585207e-01 -8.90745259e-05]
 [-8.91756909e-05 -4.70434416e-05  9.99999995e-01]]
R:
[[ 7.45430163e+00 -4.17995252e+00  9.53223851e-02]
 [-1.17185793e-15  8.49567164e+00  8.33239051e+00]
 [ 2.10928270e-20  0.00000000e+00  4.83188674e+00]]
New A = R * Q:
[[-3.80909823e+00  7.65044984e+00  9.53426101e-02]
 [-4.78220552e+00 -7.02278849e+00  8.33163372e+00]
 [-4.30886838e-04 -2.27308582e-04  4.83188672e+00]]
Is eig:
(True, True)
Type eig:
(<TypeOfEig.img: 1>, <TypeOfEig.real: 0>)
=============
General EPS = 0.001
Matrix info:
Shape = 3
Matrix:
[[ 5. -5. -6.]
 [-1. -8. -5.]
 [ 2.  7. -3.]]
