Iter:
eps1 = 7.3044
x1 = [-6.6403  2.2852  6.634  -0.7889]
eps2 = 2.3836
x2 = [-6.013   2.2478  6.9177 -1.108 ]
eps3 = 0.7646
x3 = [-5.9234  2.0466  6.9698 -1.089 ]
eps4 = 0.3021
x4 = [-5.9766  2.001   7.0102 -1.0095]
eps5 = 0.0754
x5 = [-5.9964  1.992   7.0004 -1.0002]
eps6 = 0.0256
x6 = [-6.0022  1.9988  7.0019 -0.9966]
eps7 = 0.0125
x7 = [-6.0006  1.9996  6.9994 -0.9999]
eps8 = 0.0030
x8 = [-6.0002  2.0003  7.0002 -0.9998]
eps9 = 0.0015
x9 = [-5.9999  2.      6.9999 -1.0002]
eps10 = 0.0008
x10 = [-6.      2.      7.0001 -1.    ]
Seidel:
eps1 = 4.1841
x1 = [-5.40622428  2.14264403  7.19239112 -1.04312471]
eps2 = 0.8549
x2 = [-5.91914285  1.93987731  7.02360041 -0.97370717]
eps3 = 0.1647
x3 = [-6.01798452  1.99490745  6.99387358 -0.99834509]
eps4 = 0.0253
x4 = [-6.00278221  2.00192107  6.99916687 -1.00084283]
eps5 = 0.0056
x5 = [-5.99943807  2.00018512  7.00019182 -1.00006216]
eps6 = 0.0008
x6 = [-5.99990367  1.99993908  7.00002904 -0.99997308]
General EPS = 0.001
Matrix info:
Shape = 4
Matrix:
[[ 24.  -7.  -4.   4.]
 [ -3.  -9.  -2.  -2.]
 [  3.   7.  24.   9.]
 [  1.  -6.  -2. -15.]]
Alpha:
[[ 0.          0.29166667  0.16666667 -0.16666667]
 [-0.33333333  0.         -0.22222222 -0.22222222]
 [-0.125      -0.29166667  0.         -0.375     ]
 [ 0.06666667 -0.4        -0.13333333  0.        ]]
Beta:
[-7.91666667  1.33333333  6.45833333  1.13333333]
