Iter:
Steps = 10
x = [-5.99999762  2.00004091  7.00005338 -0.99997317]
Seidel:
Steps = 6
x = [-5.99990367  1.99993908  7.00002904 -0.99997308]
Check by NumPy:
x = [-6.  2.  7. -1.]
