Answer:
x = [-2. -3. -6. -7.]
inverse_matrix PA:
array([[ 0.14492754, -0.07246377, -0.20289855,  0.07246377],
       [-0.2115942 ,  0.0057971 , -0.26376812, -0.6057971 ],
       [ 0.24057971, -0.02028986, -0.57681159, -0.37971014],
       [-0.06666667, -0.06666667,  0.53333333,  0.46666667]])
det = -345.0

Check by NumPy:
x = [-2. -3. -6. -7.]
inverse_matrix A:
array([[-0.07246377,  0.07246377, -0.20289855,  0.14492754],
       [ 0.0057971 , -0.6057971 , -0.26376812, -0.2115942 ],
       [-0.02028986, -0.37971014, -0.57681159,  0.24057971],
       [-0.06666667,  0.46666667,  0.53333333, -0.06666667]])
det = -345.0
