h1 = 1	h2 = 0.5
rectangles:[-0.1878310847553158, -0.19940628065257354]	-0.1723974902256388
trapezium:[-0.23658183921341816, -0.212206461984367]	-0.2690823421854864
simpson:[-0.2071717755928282, -0.2690823421854864]	-0.21129236139479926
