x = [0.0, 1.0, 2.0, 3.0, 4.0]
y = [1.0, 1.5403, 1.5839, 2.01, 3.3464]

a = [1.0, 1.5403, 1.5839, 2.01]
b = [0.6844107142857142, 0.2520785714285716, 0.05897499999999983, 0.9211214285714284]
c = [0, -0.4323321428571427, 0.239228571428571, 0.6229178571428576]
d = [-0.14411071428571423, 0.22385357142857124, 0.12789642857142888, -0.2076392857142859]

f(1.5) = 1.5862
